[
  {
    "obj": "vase",
    "qs_cons": false,
    "qs_agg": false,
    "pose": [
      [
        -0.15456720349176892,
        0.12247802326747174,
        -0.9804123952211268,
        0.3877988586739943
      ],
      [
        -0.5224373094112484,
        -0.8523368837841075,
        -0.024113182252292427,
        -0.003
      ],
      [
        -0.8400563519660825,
        0.5096505428720643,
        0.18590763747529904,
        0.027385867399425473
      ],
      [
        0.0,
        0.0,
        0.0,
        1.0
      ]
    ],
    "qs_orig": false,
    "stable_pose": 0,
    "trial": 0,
    "result": false,
    "tf": [
      [
        0.982731813250831,
        0.1841661579893271,
        0.01790439868265297,
        0.03791402612249115
      ],
      [
        -0.18403127419128903,
        0.9828802093421038,
        -0.008923240444391958,
        0.03248125487023247
      ],
      [
        -0.019241562027631897,
        0.005474501992669723,
        0.9997995537910451,
        0.006878018419122003
      ],
      [
        0.0,
        0.0,
        0.0,
        1.0
      ]
    ],
    "grasp": [
      [
        0.17602069475458898,
        0.9842831428847385,
        -0.014262175537173316,
        0.40133797862767595
      ],
      [
        0.9810516757420484,
        -0.17659754631371324,
        -0.07969263554240329,
        0.005137772488546199
      ],
      [
        -0.080958782981405,
        3.562186452694284e-05,
        -0.9967174495258184,
        0.2297622945076173
      ],
      [
        0.0,
        0.0,
        0.0,
        1.0
      ]
    ],
    "attempt": 0
  },
  {
    "obj": "vase",
    "qs_cons": false,
    "qs_agg": false,
    "pose": [
      [
        -0.15456720349176892,
        0.12247802326747174,
        -0.9804123952211268,
        0.3877988586739943
      ],
      [
        -0.5224373094112484,
        -0.8523368837841075,
        -0.024113182252292427,
        -0.003
      ],
      [
        -0.8400563519660825,
        0.5096505428720643,
        0.18590763747529904,
        0.027385867399425473
      ],
      [
        0.0,
        0.0,
        0.0,
        1.0
      ]
    ],
    "qs_orig": false,
    "stable_pose": 0,
    "trial": 1,
    "result": false,
    "tf": [
      [
        0.40015447160038253,
        0.9152338340888785,
        0.04715241582649747,
        0.2715469603120205
      ],
      [
        -0.9142935802854132,
        0.4022109721488866,
        -0.047894019814321315,
        0.3197526576272238
      ],
      [
        -0.06279895082007934,
        -0.02394533430603844,
        0.9977383031054574,
        0.02378007177674695
      ],
      [
        0.0,
        0.0,
        0.0,
        1.0
      ]
    ],
    "grasp": [
      [
        0.17602069475458898,
        0.9842831428847385,
        -0.014262175537173316,
        0.40133797862767595
      ],
      [
        0.9810516757420484,
        -0.17659754631371324,
        -0.07969263554240329,
        0.005137772488546199
      ],
      [
        -0.080958782981405,
        3.562186452694284e-05,
        -0.9967174495258184,
        0.2297622945076173
      ],
      [
        0.0,
        0.0,
        0.0,
        1.0
      ]
    ],
    "attempt": 0
  },
  {
    "obj": "vase",
    "qs_cons": false,
    "qs_agg": false,
    "pose": [
      [
        -0.15456720349176892,
        0.12247802326747174,
        -0.9804123952211268,
        0.3877988586739943
      ],
      [
        -0.5224373094112484,
        -0.8523368837841075,
        -0.024113182252292427,
        -0.003
      ],
      [
        -0.8400563519660825,
        0.5096505428720643,
        0.18590763747529904,
        0.027385867399425473
      ],
      [
        0.0,
        0.0,
        0.0,
        1.0
      ]
    ],
    "qs_orig": false,
    "stable_pose": 0,
    "trial": 2,
    "result": false,
    "tf": [
      [
        -0.9799915860174185,
        0.1952411750342365,
        -0.03870448387569478,
        0.7779643961817468
      ],
      [
        -0.19261669408961507,
        -0.979264096181754,
        -0.06278189425045437,
        0.021093786157651638
      ],
      [
        -0.05015896702535812,
        -0.054069798469922215,
        0.9972762220810397,
        0.01836115709983795
      ],
      [
        0.0,
        0.0,
        0.0,
        1.0
      ]
    ],
    "grasp": [
      [
        0.17602069475458898,
        0.9842831428847385,
        -0.014262175537173316,
        0.40133797862767595
      ],
      [
        0.9810516757420484,
        -0.17659754631371324,
        -0.07969263554240329,
        0.005137772488546199
      ],
      [
        -0.080958782981405,
        3.562186452694284e-05,
        -0.9967174495258184,
        0.2297622945076173
      ],
      [
        0.0,
        0.0,
        0.0,
        1.0
      ]
    ],
    "attempt": 0
  },
  {
    "obj": "vase",
    "qs_cons": false,
    "qs_agg": false,
    "pose": [
      [
        -0.15456720349176892,
        0.12247802326747174,
        -0.9804123952211268,
        0.3877988586739943
      ],
      [
        -0.5224373094112484,
        -0.8523368837841075,
        -0.024113182252292427,
        -0.003
      ],
      [
        -0.8400563519660825,
        0.5096505428720643,
        0.18590763747529904,
        0.027385867399425473
      ],
      [
        0.0,
        0.0,
        0.0,
        1.0
      ]
    ],
    "qs_orig": false,
    "stable_pose": 0,
    "trial": 3,
    "result": false,
    "tf": [
      [
        -0.6508376285951353,
        -0.7571698003812917,
        -0.055708470960906115,
        0.6485947264041692
      ],
      [
        0.758936270619081,
        -0.6508375527124876,
        -0.020645704046817093,
        -0.34634534922883525
      ],
      [
        -0.020624493265528076,
        -0.055716615562769106,
        0.9982332854050704,
        0.006820903425226618
      ],
      [
        0.0,
        0.0,
        0.0,
        1.0
      ]
    ],
    "grasp": [
      [
        0.17602069475458898,
        0.9842831428847385,
        -0.014262175537173316,
        0.40133797862767595
      ],
      [
        0.9810516757420484,
        -0.17659754631371324,
        -0.07969263554240329,
        0.005137772488546199
      ],
      [
        -0.080958782981405,
        3.562186452694284e-05,
        -0.9967174495258184,
        0.2297622945076173
      ],
      [
        0.0,
        0.0,
        0.0,
        1.0
      ]
    ],
    "attempt": 0
  },
  {
    "obj": "vase",
    "qs_cons": false,
    "qs_agg": false,
    "pose": [
      [
        -0.15456720349176892,
        0.12247802326747174,
        -0.9804123952211268,
        0.3877988586739943
      ],
      [
        -0.5224373094112484,
        -0.8523368837841075,
        -0.024113182252292427,
        -0.003
      ],
      [
        -0.8400563519660825,
        0.5096505428720643,
        0.18590763747529904,
        0.027385867399425473
      ],
      [
        0.0,
        0.0,
        0.0,
        1.0
      ]
    ],
    "qs_orig": false,
    "stable_pose": 0,
    "trial": 4,
    "result": false,
    "tf": [
      [
        -0.5770273170602543,
        -0.8135199063796134,
        -0.07227912535565927,
        0.6257632256153123
      ],
      [
        0.8164238270504102,
        -0.5769532805194617,
        -0.024009763543924194,
        -0.37449637700253885
      ],
      [
        -0.02216876400727584,
        -0.07286477875449308,
        0.9970953838958412,
        0.0074947846779886956
      ],
      [
        0.0,
        0.0,
        0.0,
        1.0
      ]
    ],
    "grasp": [
      [
        0.17602069475458898,
        0.9842831428847385,
        -0.014262175537173316,
        0.40133797862767595
      ],
      [
        0.9810516757420484,
        -0.17659754631371324,
        -0.07969263554240329,
        0.005137772488546199
      ],
      [
        -0.080958782981405,
        3.562186452694284e-05,
        -0.9967174495258184,
        0.2297622945076173
      ],
      [
        0.0,
        0.0,
        0.0,
        1.0
      ]
    ],
    "attempt": 0
  },
  {
    "obj": "vase",
    "qs_cons": true,
    "qs_agg": true,
    "pose": [
      [
        -0.03568901488322949,
        0.12107826377914821,
        -0.9920517625300063,
        0.38785573702058523
      ],
      [
        0.9952662309549047,
        0.09409568154188876,
        -0.02432043416523644,
        -0.003
      ],
      [
        0.09003718528120805,
        -0.9869137702424402,
        -0.1337703830169033,
        0.03307370205852094
      ],
      [
        0.0,
        0.0,
        0.0,
        1.0
      ]
    ],
    "qs_orig": true,
    "stable_pose": 1,
    "trial": 0,
    "result": true,
    "tf": [
      [
        0.9667899942485452,
        0.25225108228419685,
        -0.04106725678533906,
        0.033979406258626936
      ],
      [
        -0.2537105350818163,
        0.9666364295292679,
        -0.03528346916361851,
        0.0551213886788441
      ],
      [
        0.030796745954716213,
        0.044530864940619204,
        0.9985328631627061,
        -0.013393531104790503
      ],
      [
        0.0,
        0.0,
        0.0,
        1.0
      ]
    ],
    "grasp": [
      [
        0.0735514181457338,
        -0.9972743507122114,
        0.005835948962137141,
        0.3556334578631014
      ],
      [
        -0.9941868286911779,
        -0.07378257392202486,
        -0.07841352844005625,
        0.02384411038872782
      ],
      [
        0.07863039199781466,
        -3.4597372493729784e-05,
        -0.9969038370160342,
        0.2076288712752805
      ],
      [
        0.0,
        0.0,
        0.0,
        1.0
      ]
    ],
    "attempt": 1
  },
  {
    "obj": "vase",
    "qs_cons": true,
    "qs_agg": true,
    "pose": [
      [
        -0.03568901488322949,
        0.12107826377914821,
        -0.9920517625300063,
        0.38785573702058523
      ],
      [
        0.9952662309549047,
        0.09409568154188876,
        -0.02432043416523644,
        -0.003
      ],
      [
        0.09003718528120805,
        -0.9869137702424402,
        -0.1337703830169033,
        0.03307370205852094
      ],
      [
        0.0,
        0.0,
        0.0,
        1.0
      ]
    ],
    "qs_orig": true,
    "stable_pose": 1,
    "trial": 1,
    "result": true,
    "tf": [
      [
        0.9825212428237501,
        0.17491527807781757,
        -0.0636898625869944,
        0.031081553421706265
      ],
      [
        -0.17686979145855622,
        0.9838799260176917,
        -0.026419894805257957,
        0.004462452618925682
      ],
      [
        0.05804155719380092,
        0.037222643422818745,
        0.9976198482122988,
        -0.024749351707077597
      ],
      [
        0.0,
        0.0,
        0.0,
        1.0
      ]
    ],
    "grasp": [
      [
        0.0735514181457338,
        -0.9972743507122114,
        0.005835948962137141,
        0.3556334578631014
      ],
      [
        -0.9941868286911779,
        -0.07378257392202486,
        -0.07841352844005625,
        0.02384411038872782
      ],
      [
        0.07863039199781466,
        -3.4597372493729784e-05,
        -0.9969038370160342,
        0.2076288712752805
      ],
      [
        0.0,
        0.0,
        0.0,
        1.0
      ]
    ],
    "attempt": 1
  },
  {
    "obj": "vase",
    "qs_cons": true,
    "qs_agg": true,
    "pose": [
      [
        -0.03568901488322949,
        0.12107826377914821,
        -0.9920517625300063,
        0.38785573702058523
      ],
      [
        0.9952662309549047,
        0.09409568154188876,
        -0.02432043416523644,
        -0.003
      ],
      [
        0.09003718528120805,
        -0.9869137702424402,
        -0.1337703830169033,
        0.03307370205852094
      ],
      [
        0.0,
        0.0,
        0.0,
        1.0
      ]
    ],
    "qs_orig": true,
    "stable_pose": 1,
    "trial": 2,
    "result": true,
    "tf": [
      [
        0.9882563181623188,
        0.14338375061712538,
        -0.05282806178835275,
        0.011826408542896457
      ],
      [
        -0.1454308057727177,
        0.9886703036447458,
        -0.037158749830754394,
        0.013527414379450714
      ],
      [
        0.046901123926400404,
        0.04440514081701676,
        0.9979121030800826,
        -0.01983639688280169
      ],
      [
        0.0,
        0.0,
        0.0,
        1.0
      ]
    ],
    "grasp": [
      [
        0.0735514181457338,
        -0.9972743507122114,
        0.005835948962137141,
        0.3556334578631014
      ],
      [
        -0.9941868286911779,
        -0.07378257392202486,
        -0.07841352844005625,
        0.02384411038872782
      ],
      [
        0.07863039199781466,
        -3.4597372493729784e-05,
        -0.9969038370160342,
        0.2076288712752805
      ],
      [
        0.0,
        0.0,
        0.0,
        1.0
      ]
    ],
    "attempt": 1
  },
  {
    "obj": "vase",
    "qs_cons": true,
    "qs_agg": true,
    "pose": [
      [
        -0.03568901488322949,
        0.12107826377914821,
        -0.9920517625300063,
        0.38785573702058523
      ],
      [
        0.9952662309549047,
        0.09409568154188876,
        -0.02432043416523644,
        -0.003
      ],
      [
        0.09003718528120805,
        -0.9869137702424402,
        -0.1337703830169033,
        0.03307370205852094
      ],
      [
        0.0,
        0.0,
        0.0,
        1.0
      ]
    ],
    "qs_orig": true,
    "stable_pose": 1,
    "trial": 3,
    "result": true,
    "tf": [
      [
        0.9867334822871401,
        0.14899628589789277,
        -0.0644771295673841,
        0.020932987229742104
      ],
      [
        -0.15121725712982176,
        0.9880131383925326,
        -0.03103971988884563,
        0.005020818417243537
      ],
      [
        0.05907987069748703,
        0.04037836589527999,
        0.9974365301842417,
        -0.024948277418375773
      ],
      [
        0.0,
        0.0,
        0.0,
        1.0
      ]
    ],
    "grasp": [
      [
        0.0735514181457338,
        -0.9972743507122114,
        0.005835948962137141,
        0.3556334578631014
      ],
      [
        -0.9941868286911779,
        -0.07378257392202486,
        -0.07841352844005625,
        0.02384411038872782
      ],
      [
        0.07863039199781466,
        -3.4597372493729784e-05,
        -0.9969038370160342,
        0.2076288712752805
      ],
      [
        0.0,
        0.0,
        0.0,
        1.0
      ]
    ],
    "attempt": 1
  },
  {
    "obj": "vase",
    "qs_cons": true,
    "qs_agg": true,
    "pose": [
      [
        -0.03568901488322949,
        0.12107826377914821,
        -0.9920517625300063,
        0.38785573702058523
      ],
      [
        0.9952662309549047,
        0.09409568154188876,
        -0.02432043416523644,
        -0.003
      ],
      [
        0.09003718528120805,
        -0.9869137702424402,
        -0.1337703830169033,
        0.03307370205852094
      ],
      [
        0.0,
        0.0,
        0.0,
        1.0
      ]
    ],
    "qs_orig": true,
    "stable_pose": 1,
    "trial": 4,
    "result": true,
    "tf": [
      [
        0.9582586245445397,
        0.2813657699321716,
        -0.05072560200177845,
        0.03641421784011281
      ],
      [
        -0.2829967260459491,
        0.9587023798512554,
        -0.028337095988059485,
        0.061959704087999244
      ],
      [
        0.04065796801713905,
        0.041509548203059486,
        0.9983103590675234,
        -0.017402069043549188
      ],
      [
        0.0,
        0.0,
        0.0,
        1.0
      ]
    ],
    "grasp": [
      [
        0.0735514181457338,
        -0.9972743507122114,
        0.005835948962137141,
        0.3556334578631014
      ],
      [
        -0.9941868286911779,
        -0.07378257392202486,
        -0.07841352844005625,
        0.02384411038872782
      ],
      [
        0.07863039199781466,
        -3.4597372493729784e-05,
        -0.9969038370160342,
        0.2076288712752805
      ],
      [
        0.0,
        0.0,
        0.0,
        1.0
      ]
    ],
    "attempt": 1
  },
  {
    "obj": "vase",
    "qs_cons": true,
    "qs_agg": true,
    "pose": [
      [
        -0.03568901488322949,
        0.12107826377914821,
        -0.9920517625300063,
        0.38785573702058523
      ],
      [
        0.9952662309549047,
        0.09409568154188876,
        -0.02432043416523644,
        -0.003
      ],
      [
        0.09003718528120805,
        -0.9869137702424402,
        -0.1337703830169033,
        0.03307370205852094
      ],
      [
        0.0,
        0.0,
        0.0,
        1.0
      ]
    ],
    "qs_orig": true,
    "stable_pose": 1,
    "trial": 0,
    "result": true,
    "tf": [
      [
        0.9481675660510104,
        0.3155892515695504,
        -0.03718080720210227,
        0.04420206883715052
      ],
      [
        -0.31686404374356836,
        0.9478019493225293,
        -0.03561559091652556,
        0.07438526831733389
      ],
      [
        0.02399948258571725,
        0.045550040210620854,
        0.9986739387775554,
        -0.010903435983620858
      ],
      [
        0.0,
        0.0,
        0.0,
        1.0
      ]
    ],
    "grasp": [
      [
        -0.1555583546216974,
        -0.9877859970364465,
        0.008967851810946375,
        0.3768988178607706
      ],
      [
        -0.9861392516222922,
        0.1558166339446343,
        0.057013621144328036,
        -0.002460840783540091
      ],
      [
        -0.057714597089604275,
        2.5394422730211033e-05,
        -0.9983331230796201,
        0.20646192718209713
      ],
      [
        0.0,
        0.0,
        0.0,
        1.0
      ]
    ],
    "attempt": 2
  },
  {
    "obj": "vase",
    "qs_cons": true,
    "qs_agg": true,
    "pose": [
      [
        -0.03568901488322949,
        0.12107826377914821,
        -0.9920517625300063,
        0.38785573702058523
      ],
      [
        0.9952662309549047,
        0.09409568154188876,
        -0.02432043416523644,
        -0.003
      ],
      [
        0.09003718528120805,
        -0.9869137702424402,
        -0.1337703830169033,
        0.03307370205852094
      ],
      [
        0.0,
        0.0,
        0.0,
        1.0
      ]
    ],
    "qs_orig": true,
    "stable_pose": 1,
    "trial": 1,
    "result": true,
    "tf": [
      [
        0.9464543066781057,
        0.2804866007446133,
        0.15985084539892522,
        0.03195655279735856
      ],
      [
        -0.29159329286163604,
        0.9552138729926455,
        0.05039457145300329,
        0.06468356647221372
      ],
      [
        -0.13855639956198104,
        -0.0943082958499816,
        0.9858540456336954,
        0.05424542839579519
      ],
      [
        0.0,
        0.0,
        0.0,
        1.0
      ]
    ],
    "grasp": [
      [
        -0.1555583546216974,
        -0.9877859970364465,
        0.008967851810946375,
        0.3768988178607706
      ],
      [
        -0.9861392516222922,
        0.1558166339446343,
        0.057013621144328036,
        -0.002460840783540091
      ],
      [
        -0.057714597089604275,
        2.5394422730211033e-05,
        -0.9983331230796201,
        0.20646192718209713
      ],
      [
        0.0,
        0.0,
        0.0,
        1.0
      ]
    ],
    "attempt": 2
  },
  {
    "obj": "vase",
    "qs_cons": true,
    "qs_agg": true,
    "pose": [
      [
        -0.03568901488322949,
        0.12107826377914821,
        -0.9920517625300063,
        0.38785573702058523
      ],
      [
        0.9952662309549047,
        0.09409568154188876,
        -0.02432043416523644,
        -0.003
      ],
      [
        0.09003718528120805,
        -0.9869137702424402,
        -0.1337703830169033,
        0.03307370205852094
      ],
      [
        0.0,
        0.0,
        0.0,
        1.0
      ]
    ],
    "qs_orig": true,
    "stable_pose": 1,
    "trial": 2,
    "result": true,
    "tf": [
      [
        0.9975327592629908,
        -0.02469863207817467,
        -0.06571216904152662,
        0.022726527964123704
      ],
      [
        0.022085008149756304,
        0.998947206389085,
        -0.04020169036828749,
        -0.0613330205894545
      ],
      [
        0.06663601664408227,
        0.038650961047689905,
        0.9970280850133519,
        -0.02785120625055061
      ],
      [
        0.0,
        0.0,
        0.0,
        1.0
      ]
    ],
    "grasp": [
      [
        -0.1555583546216974,
        -0.9877859970364465,
        0.008967851810946375,
        0.3768988178607706
      ],
      [
        -0.9861392516222922,
        0.1558166339446343,
        0.057013621144328036,
        -0.002460840783540091
      ],
      [
        -0.057714597089604275,
        2.5394422730211033e-05,
        -0.9983331230796201,
        0.20646192718209713
      ],
      [
        0.0,
        0.0,
        0.0,
        1.0
      ]
    ],
    "attempt": 2
  },
  {
    "obj": "vase",
    "qs_cons": true,
    "qs_agg": true,
    "pose": [
      [
        -0.03568901488322949,
        0.12107826377914821,
        -0.9920517625300063,
        0.38785573702058523
      ],
      [
        0.9952662309549047,
        0.09409568154188876,
        -0.02432043416523644,
        -0.003
      ],
      [
        0.09003718528120805,
        -0.9869137702424402,
        -0.1337703830169033,
        0.03307370205852094
      ],
      [
        0.0,
        0.0,
        0.0,
        1.0
      ]
    ],
    "qs_orig": true,
    "stable_pose": 1,
    "trial": 3,
    "result": true,
    "tf": [
      [
        0.8627919495103137,
        0.47649116113069356,
        0.1689557555891843,
        0.054166042441266
      ],
      [
        -0.4795749415114034,
        0.877151649093187,
        -0.024750431853762613,
        0.14217253131952187
      ],
      [
        -0.15999349929145867,
        -0.059672418188189955,
        0.9853122785585994,
        0.062369331079243716
      ],
      [
        0.0,
        0.0,
        0.0,
        1.0
      ]
    ],
    "grasp": [
      [
        -0.1555583546216974,
        -0.9877859970364465,
        0.008967851810946375,
        0.3768988178607706
      ],
      [
        -0.9861392516222922,
        0.1558166339446343,
        0.057013621144328036,
        -0.002460840783540091
      ],
      [
        -0.057714597089604275,
        2.5394422730211033e-05,
        -0.9983331230796201,
        0.20646192718209713
      ],
      [
        0.0,
        0.0,
        0.0,
        1.0
      ]
    ],
    "attempt": 2
  },
  {
    "obj": "vase",
    "qs_cons": true,
    "qs_agg": true,
    "pose": [
      [
        -0.03568901488322949,
        0.12107826377914821,
        -0.9920517625300063,
        0.38785573702058523
      ],
      [
        0.9952662309549047,
        0.09409568154188876,
        -0.02432043416523644,
        -0.003
      ],
      [
        0.09003718528120805,
        -0.9869137702424402,
        -0.1337703830169033,
        0.03307370205852094
      ],
      [
        0.0,
        0.0,
        0.0,
        1.0
      ]
    ],
    "qs_orig": true,
    "stable_pose": 1,
    "trial": 4,
    "result": true,
    "tf": [
      [
        0.914131382103893,
        0.40354515455641626,
        -0.038939229715599794,
        0.057228789433899876
      ],
      [
        -0.40467113811414757,
        0.9140578156532426,
        -0.027191902778862232,
        0.10238336383282037
      ],
      [
        0.02461899216519214,
        0.04061462605104353,
        0.9988711983806675,
        -0.011282683684647965
      ],
      [
        0.0,
        0.0,
        0.0,
        1.0
      ]
    ],
    "grasp": [
      [
        -0.1555583546216974,
        -0.9877859970364465,
        0.008967851810946375,
        0.3768988178607706
      ],
      [
        -0.9861392516222922,
        0.1558166339446343,
        0.057013621144328036,
        -0.002460840783540091
      ],
      [
        -0.057714597089604275,
        2.5394422730211033e-05,
        -0.9983331230796201,
        0.20646192718209713
      ],
      [
        0.0,
        0.0,
        0.0,
        1.0
      ]
    ],
    "attempt": 2
  },
  {
    "obj": "vase",
    "qs_cons": false,
    "qs_agg": false,
    "pose": [
      [
        -0.25868175796373133,
        -0.21037342264648407,
        -0.942829317757354,
        0.3877540555328552
      ],
      [
        -0.5788416139569529,
        0.8151140585427818,
        -0.023060980023066228,
        -0.003
      ],
      [
        0.7707006906253736,
        0.5376257034688222,
        -0.3420219999345455,
        0.022905553285520054
      ],
      [
        0.0,
        0.0,
        0.0,
        1.0
      ]
    ],
    "qs_orig": false,
    "stable_pose": 2,
    "trial": 0,
    "result": false,
    "tf": [
      [
        0.991049526500238,
        0.13337255913583967,
        -0.005662940613919611,
        0.008282485279128258
      ],
      [
        -0.13348868561874946,
        0.9904672673542075,
        -0.03399576363238041,
        0.008526302156945635
      ],
      [
        0.0010743651313804715,
        0.03444773264603165,
        0.9994060769180182,
        -0.0012827496770117348
      ],
      [
        0.0,
        0.0,
        0.0,
        1.0
      ]
    ],
    "grasp": [
      [
        0.2334408275001921,
        0.9723549024397641,
        -0.0055967631165278735,
        0.43627076072164267
      ],
      [
        0.9720744803629804,
        -0.23350790905177105,
        -0.02335082519551514,
        -0.0027175402681759962
      ],
      [
        -0.024012177807671606,
        1.056535823986195e-05,
        -0.9997116660344152,
        0.21412041434961812
      ],
      [
        0.0,
        0.0,
        0.0,
        1.0
      ]
    ],
    "attempt": 3
  },
  {
    "obj": "vase",
    "qs_cons": false,
    "qs_agg": false,
    "pose": [
      [
        -0.25868175796373133,
        -0.21037342264648407,
        -0.942829317757354,
        0.3877540555328552
      ],
      [
        -0.5788416139569529,
        0.8151140585427818,
        -0.023060980023066228,
        -0.003
      ],
      [
        0.7707006906253736,
        0.5376257034688222,
        -0.3420219999345455,
        0.022905553285520054
      ],
      [
        0.0,
        0.0,
        0.0,
        1.0
      ]
    ],
    "qs_orig": false,
    "stable_pose": 2,
    "trial": 1,
    "result": false,
    "tf": [
      [
        0.816093499054867,
        -0.5778140884682222,
        -0.011034415843545671,
        0.060414027577378134
      ],
      [
        0.5772646276470764,
        0.8159293773719173,
        -0.0320137684483119,
        -0.26908876422118716
      ],
      [
        0.02750177315859588,
        0.019756336480039202,
        0.9994264047330996,
        -0.011761037669057136
      ],
      [
        0.0,
        0.0,
        0.0,
        1.0
      ]
    ],
    "grasp": [
      [
        0.2334408275001921,
        0.9723549024397641,
        -0.0055967631165278735,
        0.43627076072164267
      ],
      [
        0.9720744803629804,
        -0.23350790905177105,
        -0.02335082519551514,
        -0.0027175402681759962
      ],
      [
        -0.024012177807671606,
        1.056535823986195e-05,
        -0.9997116660344152,
        0.21412041434961812
      ],
      [
        0.0,
        0.0,
        0.0,
        1.0
      ]
    ],
    "attempt": 3
  },
  {
    "obj": "vase",
    "qs_cons": false,
    "qs_agg": false,
    "pose": [
      [
        -0.25868175796373133,
        -0.21037342264648407,
        -0.942829317757354,
        0.3877540555328552
      ],
      [
        -0.5788416139569529,
        0.8151140585427818,
        -0.023060980023066228,
        -0.003
      ],
      [
        0.7707006906253736,
        0.5376257034688222,
        -0.3420219999345455,
        0.022905553285520054
      ],
      [
        0.0,
        0.0,
        0.0,
        1.0
      ]
    ],
    "qs_orig": false,
    "stable_pose": 2,
    "trial": 2,
    "result": false,
    "tf": [
      [
        0.718464688970053,
        -0.6955639815512139,
        0.0005140641665242555,
        0.09236475205300104
      ],
      [
        0.695556214012119,
        0.7184524889319747,
        -0.005322198025642428,
        -0.3178598828809697
      ],
      [
        0.003332968090987834,
        0.004180928972624131,
        0.9999856225562487,
        -0.00290244311729283
      ],
      [
        0.0,
        0.0,
        0.0,
        1.0
      ]
    ],
    "grasp": [
      [
        0.2334408275001921,
        0.9723549024397641,
        -0.0055967631165278735,
        0.43627076072164267
      ],
      [
        0.9720744803629804,
        -0.23350790905177105,
        -0.02335082519551514,
        -0.0027175402681759962
      ],
      [
        -0.024012177807671606,
        1.056535823986195e-05,
        -0.9997116660344152,
        0.21412041434961812
      ],
      [
        0.0,
        0.0,
        0.0,
        1.0
      ]
    ],
    "attempt": 3
  },
  {
    "obj": "vase",
    "qs_cons": false,
    "qs_agg": false,
    "pose": [
      [
        -0.25868175796373133,
        -0.21037342264648407,
        -0.942829317757354,
        0.3877540555328552
      ],
      [
        -0.5788416139569529,
        0.8151140585427818,
        -0.023060980023066228,
        -0.003
      ],
      [
        0.7707006906253736,
        0.5376257034688222,
        -0.3420219999345455,
        0.022905553285520054
      ],
      [
        0.0,
        0.0,
        0.0,
        1.0
      ]
    ],
    "qs_orig": false,
    "stable_pose": 2,
    "trial": 3,
    "result": false,
    "tf": [
      [
        0.563314276838269,
        -0.8260371919093435,
        -0.018450533855336407,
        0.14842011019449533
      ],
      [
        0.8260023471129685,
        0.5635483581321578,
        -0.011533941936188669,
        -0.3719147192077791
      ],
      [
        0.019925230915764317,
        -0.008743033173965423,
        0.9997635241955325,
        -0.009286199313144786
      ],
      [
        0.0,
        0.0,
        0.0,
        1.0
      ]
    ],
    "grasp": [
      [
        0.2334408275001921,
        0.9723549024397641,
        -0.0055967631165278735,
        0.43627076072164267
      ],
      [
        0.9720744803629804,
        -0.23350790905177105,
        -0.02335082519551514,
        -0.0027175402681759962
      ],
      [
        -0.024012177807671606,
        1.056535823986195e-05,
        -0.9997116660344152,
        0.21412041434961812
      ],
      [
        0.0,
        0.0,
        0.0,
        1.0
      ]
    ],
    "attempt": 3
  },
  {
    "obj": "vase",
    "qs_cons": false,
    "qs_agg": false,
    "pose": [
      [
        -0.25868175796373133,
        -0.21037342264648407,
        -0.942829317757354,
        0.3877540555328552
      ],
      [
        -0.5788416139569529,
        0.8151140585427818,
        -0.023060980023066228,
        -0.003
      ],
      [
        0.7707006906253736,
        0.5376257034688222,
        -0.3420219999345455,
        0.022905553285520054
      ],
      [
        0.0,
        0.0,
        0.0,
        1.0
      ]
    ],
    "qs_orig": false,
    "stable_pose": 2,
    "trial": 4,
    "result": false,
    "tf": [
      [
        0.43448244187606777,
        -0.9006557549427348,
        -0.006649721042446098,
        0.1938439704920054
      ],
      [
        0.900464520263389,
        0.434204909781198,
        0.025094702005027458,
        -0.4059542456739301
      ],
      [
        -0.019714346254095006,
        -0.016891045273666593,
        0.9996629617732838,
        0.005859649145846663
      ],
      [
        0.0,
        0.0,
        0.0,
        1.0
      ]
    ],
    "grasp": [
      [
        0.2334408275001921,
        0.9723549024397641,
        -0.0055967631165278735,
        0.43627076072164267
      ],
      [
        0.9720744803629804,
        -0.23350790905177105,
        -0.02335082519551514,
        -0.0027175402681759962
      ],
      [
        -0.024012177807671606,
        1.056535823986195e-05,
        -0.9997116660344152,
        0.21412041434961812
      ],
      [
        0.0,
        0.0,
        0.0,
        1.0
      ]
    ],
    "attempt": 3
  },
  {
    "obj": "vase",
    "qs_cons": false,
    "qs_agg": false,
    "pose": [
      [
        -0.03568901488322949,
        0.12107826377914821,
        -0.9920517625300063,
        0.38785573702058523
      ],
      [
        0.9952662309549047,
        0.09409568154188876,
        -0.02432043416523644,
        -0.003
      ],
      [
        0.09003718528120805,
        -0.9869137702424402,
        -0.1337703830169033,
        0.03307370205852094
      ],
      [
        0.0,
        0.0,
        0.0,
        1.0
      ]
    ],
    "qs_orig": false,
    "stable_pose": 1,
    "trial": 0,
    "result": false,
    "tf": [
      [
        0.966091544671012,
        0.25077638260942836,
        -0.061464730760579324,
        0.011038764705229064
      ],
      [
        -0.25273267087147455,
        0.9671779959303802,
        -0.026320876850835714,
        0.04362081515372257
      ],
      [
        0.05284605515410295,
        0.040962631536852194,
        0.9977623065586958,
        -0.02267651337273183
      ],
      [
        0.0,
        0.0,
        0.0,
        1.0
      ]
    ],
    "grasp": [
      [
        0.22798978376166223,
        -0.9735836424045289,
        -0.012471958252068118,
        0.3541576693258433
      ],
      [
        -0.9721358979832176,
        -0.22833066081204179,
        0.05307452482594084,
        -0.017315909256941302
      ],
      [
        -0.054520219668243976,
        2.398889666421393e-05,
        -0.9985126664553933,
        0.22343832236399225
      ],
      [
        0.0,
        0.0,
        0.0,
        1.0
      ]
    ],
    "attempt": 4
  },
  {
    "obj": "vase",
    "qs_cons": false,
    "qs_agg": false,
    "pose": [
      [
        -0.03568901488322949,
        0.12107826377914821,
        -0.9920517625300063,
        0.38785573702058523
      ],
      [
        0.9952662309549047,
        0.09409568154188876,
        -0.02432043416523644,
        -0.003
      ],
      [
        0.09003718528120805,
        -0.9869137702424402,
        -0.1337703830169033,
        0.03307370205852094
      ],
      [
        0.0,
        0.0,
        0.0,
        1.0
      ]
    ],
    "qs_orig": false,
    "stable_pose": 1,
    "trial": 1,
    "result": false,
    "tf": [
      [
        0.9628657860870059,
        0.2646696839761765,
        -0.05329293884702916,
        0.016420485393171525
      ],
      [
        -0.2665974409752041,
        0.9632452573838901,
        -0.03293816038345452,
        0.048293144053990586
      ],
      [
        0.042616411187779264,
        0.04592302381592059,
        0.9980354861830327,
        -0.018747342990360842
      ],
      [
        0.0,
        0.0,
        0.0,
        1.0
      ]
    ],
    "grasp": [
      [
        0.22798978376166223,
        -0.9735836424045289,
        -0.012471958252068118,
        0.3541576693258433
      ],
      [
        -0.9721358979832176,
        -0.22833066081204179,
        0.05307452482594084,
        -0.017315909256941302
      ],
      [
        -0.054520219668243976,
        2.398889666421393e-05,
        -0.9985126664553933,
        0.22343832236399225
      ],
      [
        0.0,
        0.0,
        0.0,
        1.0
      ]
    ],
    "attempt": 4
  },
  {
    "obj": "vase",
    "qs_cons": false,
    "qs_agg": false,
    "pose": [
      [
        -0.03568901488322949,
        0.12107826377914821,
        -0.9920517625300063,
        0.38785573702058523
      ],
      [
        0.9952662309549047,
        0.09409568154188876,
        -0.02432043416523644,
        -0.003
      ],
      [
        0.09003718528120805,
        -0.9869137702424402,
        -0.1337703830169033,
        0.03307370205852094
      ],
      [
        0.0,
        0.0,
        0.0,
        1.0
      ]
    ],
    "qs_orig": false,
    "stable_pose": 1,
    "trial": 2,
    "result": false,
    "tf": [
      [
        0.9549019007822749,
        0.2921037127626576,
        -0.053273904360124406,
        0.0240549083919414
      ],
      [
        -0.2939069829290603,
        0.955370457488594,
        -0.02975169780974111,
        0.05750694443290856
      ],
      [
        0.04220552557349306,
        0.04406842531003206,
        0.9981364282489953,
        -0.01852975973663971
      ],
      [
        0.0,
        0.0,
        0.0,
        1.0
      ]
    ],
    "grasp": [
      [
        0.22798978376166223,
        -0.9735836424045289,
        -0.012471958252068118,
        0.3541576693258433
      ],
      [
        -0.9721358979832176,
        -0.22833066081204179,
        0.05307452482594084,
        -0.017315909256941302
      ],
      [
        -0.054520219668243976,
        2.398889666421393e-05,
        -0.9985126664553933,
        0.22343832236399225
      ],
      [
        0.0,
        0.0,
        0.0,
        1.0
      ]
    ],
    "attempt": 4
  },
  {
    "obj": "vase",
    "qs_cons": false,
    "qs_agg": false,
    "pose": [
      [
        -0.03568901488322949,
        0.12107826377914821,
        -0.9920517625300063,
        0.38785573702058523
      ],
      [
        0.9952662309549047,
        0.09409568154188876,
        -0.02432043416523644,
        -0.003
      ],
      [
        0.09003718528120805,
        -0.9869137702424402,
        -0.1337703830169033,
        0.03307370205852094
      ],
      [
        0.0,
        0.0,
        0.0,
        1.0
      ]
    ],
    "qs_orig": false,
    "stable_pose": 1,
    "trial": 3,
    "result": false,
    "tf": [
      [
        0.8986155531737136,
        0.4087181614285441,
        0.15949919647694202,
        0.043343432402204694
      ],
      [
        -0.4163970913956484,
        0.9090321129491719,
        0.016572864016984604,
        0.10277470991542628
      ],
      [
        -0.1382168147424565,
        -0.08130781879153269,
        0.9870587425439729,
        0.05340491940963763
      ],
      [
        0.0,
        0.0,
        0.0,
        1.0
      ]
    ],
    "grasp": [
      [
        0.22798978376166223,
        -0.9735836424045289,
        -0.012471958252068118,
        0.3541576693258433
      ],
      [
        -0.9721358979832176,
        -0.22833066081204179,
        0.05307452482594084,
        -0.017315909256941302
      ],
      [
        -0.054520219668243976,
        2.398889666421393e-05,
        -0.9985126664553933,
        0.22343832236399225
      ],
      [
        0.0,
        0.0,
        0.0,
        1.0
      ]
    ],
    "attempt": 4
  },
  {
    "obj": "vase",
    "qs_cons": false,
    "qs_agg": false,
    "pose": [
      [
        -0.03568901488322949,
        0.12107826377914821,
        -0.9920517625300063,
        0.38785573702058523
      ],
      [
        0.9952662309549047,
        0.09409568154188876,
        -0.02432043416523644,
        -0.003
      ],
      [
        0.09003718528120805,
        -0.9869137702424402,
        -0.1337703830169033,
        0.03307370205852094
      ],
      [
        0.0,
        0.0,
        0.0,
        1.0
      ]
    ],
    "qs_orig": false,
    "stable_pose": 1,
    "trial": 4,
    "result": false,
    "tf": [
      [
        0.9342859342733959,
        0.351490137092701,
        -0.05971312921659419,
        0.0414873853828286
      ],
      [
        -0.353200715346921,
        0.9353180317454942,
        -0.02069874107688287,
        0.0789291281510463
      ],
      [
        0.04857446550722578,
        0.04042923316475088,
        0.9980006266701413,
        -0.02095786029996218
      ],
      [
        0.0,
        0.0,
        0.0,
        1.0
      ]
    ],
    "grasp": [
      [
        0.22798978376166223,
        -0.9735836424045289,
        -0.012471958252068118,
        0.3541576693258433
